inst#,n,m,n',m',m/n,MoMC,RMoMC,FullBnR,BnrwithoutLS,FullAlgorithm
001,6160,40207,0,0,6.53,1800,1.97,0.55,0.42,0.54,
002,51795,63334,0,0,1.22,1800,1.97,0.55,0.44,0.54,
003,60541,74220,0,0,1.23,1800,1.97,0.55,0.44,0.54,
004,8114,26013,0,0,3.21,1800,1.96,0.55,0.44,0.54,
005,200,819,192,800,4.09,1.67,1.96,2.89,3.18,1.60,
006,200,751,188,716,3.75,1.64,1.96,1.16,1.16,1.57,
007,8794,10130,0,0,1.15,1800,1.96,0.54,0.44,0.53,
008,7537,72833,0,0,9.66,1800,1.96,0.54,0.44,0.53,
009,38452,174645,0,0,4.54,1800,1.96,0.54,0.43,0.53,
010,199,774,189,756,3.89,2.04,1.96,3.25,3.27,1.63,
011,9877,25973,0,0,2.63,1800,1.96,0.53,0.45,0.52,
012,53444,68044,0,0,1.27,1800,1.96,0.54,0.45,0.52,
013,45307,55440,0,0,1.22,1800,1.96,0.54,0.45,0.52,
014,25123,31552,0,0,1.26,1800,1.96,0.54,0.45,0.52,
015,53610,65952,0,0,1.23,1800,1.96,0.54,0.45,0.52,
016,153,802,153,802,5.24,1800,1800,1800.90,1801.42,1800.57,
017,23541,51747,0,0,2.20,1800,1.96,0.53,0.44,0.51,
018,49212,63601,0,0,1.29,1800,1.96,0.53,0.44,0.51,
019,200,884,194,862,4.42,2.02,1.97,4.64,4.71,1.64,
020,57287,71155,0,0,1.24,1800,1.97,0.53,0.44,0.52,
021,24765,30242,0,0,1.22,1800,1.97,0.53,0.44,0.52,
022,12589,33129,0,0,2.63,1800,1.97,0.53,0.44,0.52,
023,27717,133665,0,0,4.82,1800,1.96,0.53,0.44,0.53,
024,7620,47293,0,0,6.21,1800,1.96,0.53,0.44,0.53,
025,23194,28221,0,0,1.22,1800,1.96,0.53,0.44,0.53,
026,6140,36767,0,0,5.99,1800,1.96,0.53,0.44,0.53,
027,65866,81245,0,0,1.23,1800,1.96,0.53,0.45,0.56,
028,54991,67000,0,0,1.22,1800,1.97,0.55,0.45,0.56,
029,13431,21999,0,0,1.64,1800,1.97,0.55,0.45,0.56,
030,62853,79557,0,0,1.27,1800,1.97,0.55,0.46,0.56,
031,200,813,198,818,4.07,3.00,1.97,87.86,109.45,2.81,
032,1490,2680,1081,3426,1.80,41.09,1800,1800.85,1801.37,106.28,
033,4410,6885,138,471,1.56,1800,1.97,1.19,1.24,1.58,
034,1490,2680,1090,3467,1.80,39.08,1577.43,1800.84,1801.37,119.60,
035,200,884,189,859,4.42,1.88,1.97,11.70,11.77,1.76,
036,26300,41500,500,3000,1.58,1800,1.98,0.53,2.65,0.55,
037,198,824,194,810,4.16,1.99,1.98,15.58,15.56,1.85,
038,786,14024,460,6623,17.84,23.88,2.29,18.45,18.12,4.11,
039,6795,10620,219,753,1.56,1800,1.98,120.20,127.38,1.75,
040,210,625,210,625,2.98,190.43,179.29,1800.81,1801.34,210.26,
041,200,1040,200,1023,5.20,2.53,1.99,68.26,71.68,2.36,
042,200,974,200,952,4.87,2.10,1.99,53.16,55.35,2.10,
043,200,841,198,844,4.21,4.68,2.02,237.80,259.31,5.57,
044,200,1186,200,1147,5.93,3.05,1.99,126.19,136.99,2.76,
045,200,1044,200,1020,5.22,2.28,2.00,37.17,37.79,2.10,
046,200,812,200,812,4.06,3.06,2.02,150.57,161.63,2.70,
047,200,1120,198,1080,5.60,3.06,2.03,83.60,86.87,2.75,
048,200,1052,198,1022,5.26,2.57,2.03,37.59,37.72,2.10,
049,200,957,198,930,4.79,2.73,2.00,26.57,26.64,2.15,
050,200,1048,200,1025,5.24,3.43,2.01,70.89,72.05,2.95,
051,200,1135,200,1098,5.67,2.73,2.01,81.99,83.70,2.24,
052,200,1019,198,1000,5.09,2.76,2.02,32.27,33.00,2.32,
053,200,1062,200,1026,5.31,2.60,2.03,85.97,88.97,2.41,
054,200,985,198,951,4.92,2.76,2.03,46.67,47.86,2.36,
055,200,958,194,938,4.79,1.86,2.03,10.37,10.54,1.82,
056,200,1117,200,1089,5.58,3.11,2.03,127.38,142.38,2.63,
057,200,1200,197,1139,6.00,2.81,2.04,97.06,98.49,2.34,
058,200,1202,200,1171,6.01,3.21,2.04,68.81,70.31,2.71,
059,200,988,193,954,4.94,2.47,2.04,20.18,20.30,2.02,
060,200,1147,200,1118,5.74,2.75,2.04,110.27,117.51,2.35,
061,200,952,198,914,4.76,3.25,2.04,30.18,32.98,2.49,
062,199,1164,199,1128,5.85,3.19,2.05,87.30,97.72,2.75,
063,200,1040,200,1011,5.20,3.26,2.05,94.50,102.56,2.77,
064,200,1071,198,1040,5.36,2.46,2.05,43.76,43.94,2.12,
065,200,1037,200,1011,5.18,2.39,2.06,54.23,54.50,2.13,
066,200,884,198,875,4.42,2.58,2.07,12.14,12.14,2.27,
067,200,1201,200,1174,6.00,3.12,2.07,166.63,179.52,2.91,
068,200,983,198,961,4.92,1.94,2.07,13.08,12.98,1.92,
069,200,1120,196,1077,5.60,2.73,2.07,61.64,64.11,2.32,
070,200,887,198,856,4.43,2.22,2.07,17.32,17.59,2.04,
071,200,984,200,952,4.92,2.29,2.09,50.94,54.09,2.20,
072,200,1204,198,1176,6.02,2.47,2.09,62.51,69.43,1.98,
073,200,1107,200,1078,5.54,2.51,2.09,62.07,63.60,2.44,
074,200,820,194,785,4.10,2.55,2.10,10.65,10.62,2.02,
075,26300,41500,500,3000,1.58,1800,1800,0.39,1801.24,0.39,
076,26300,41500,500,3000,1.58,1800,2.10,0.39,1801.24,0.39,
077,200,988,193,954,4.94,2.69,2.10,20.16,20.25,2.10,
078,11349,17739,357,1245,1.56,1800,2.11,1800.68,1801.24,2.60,
079,26300,41500,500,3000,1.58,1800,1800,0.38,1801.24,0.38,
080,26300,41500,500,3000,1.58,1800,1800,0.38,1801.24,0.40,
081,199,1124,197,1087,5.65,3.30,2.10,189.03,202.95,3.05,
082,200,978,196,956,4.89,3.50,2.09,84.63,93.88,3.02,
083,200,1215,198,1182,6.08,5.25,2.39,239.39,264.19,6.60,
084,13590,21240,435,1503,1.56,1800,2.08,1800.64,1801.22,3.26,
085,11470,17408,3539,25955,1.52,1800,1800,1800.64,1801.21,1801.32,
086,26300,41500,500,3000,1.58,1800,2.07,0.34,1801.21,0.38,
087,13590,21240,441,1512,1.56,1800,2.13,1800.63,1801.21,3.52,
088,26300,41500,500,3000,1.58,1800,2.06,0.34,1801.20,0.37,
089,57316,77978,16834,54847,1.36,1800,1800,1800.62,1801.20,1801.30,
090,11349,17739,357,1245,1.56,1800,2.05,1800.62,1801.20,2.39,
091,200,1196,200,1163,5.98,5.91,3.84,293.03,332.93,39.45,
092,450,17794,450,17794,39.54,2.20,2.04,1800.62,1801.19,2.70,
093,200,1207,200,1162,6.04,4.46,2.11,141.75,154.99,5.65,
094,5960,10720,4217,13456,1.80,1800,1800,1800.58,1801.19,1801.26,
095,15783,24663,510,1746,1.56,1800,2.54,1800.58,1801.18,4.23,
096,26300,41500,500,3000,1.58,1800,1800,0.29,1801.18,0.37,
097,18096,28281,579,1995,1.56,1800,7.43,1800.57,1801.18,6.63,
098,26300,41500,500,3000,1.58,1800,1800,0.33,1801.18,0.51,
099,26300,41500,500,3000,1.58,1800,1800,0.34,1801.18,0.32,
100,26300,41500,500,3000,1.58,1800,1.42,0.41,22.52,0.51,
101,26300,41500,500,3000,1.58,1800,1800,0.45,1801.17,0.34,
102,26300,41500,500,3000,1.58,1800,1800,0.45,1801.17,0.38,
103,15783,24663,513,1752,1.56,1800,3.66,1801.57,1801.17,4.62,
104,26300,41500,500,3000,1.58,1800,1800,0.35,1801.17,0.46,
105,26300,41500,500,3000,1.58,1800,1800,0.42,1801.17,0.47,
106,2980,5360,2136,6809,1.80,389.26,1800,1801.56,1801.17,424.79,
107,13590,21240,435,1500,1.56,1800,2.44,1801.56,1801.17,3.37,
108,26300,41500,500,3000,1.58,1800,1800,0.25,1801.15,0.50,
109,66992,90970,20336,66350,1.36,1800,1800,1801.56,1801.15,1801.19,
110,98128,161357,29168,140392,1.64,1800,1800,1801.56,1801.15,1801.19,
111,450,17831,450,17831,39.62,2.53,0.99,1801.55,1801.15,2.71,
112,18096,28281,576,1992,1.56,1800,5.27,1801.55,1801.15,5.61,
113,26300,41500,500,3000,1.58,1800,1800,0.52,1801.15,0.47,
114,15783,24663,504,1740,1.56,1800,3.73,1801.54,1801.14,4.09,
115,18096,28281,573,1986,1.56,1800,4.78,1801.54,1801.14,5.40,
116,26300,41500,500,3000,1.58,1800,1800,0.51,1801.14,0.31,
117,18096,28281,582,2007,1.56,1800,5.12,1801.54,1801.14,5.39,
118,26300,41500,500,3000,1.58,1800,1800,0.40,1801.14,0.45,
119,18096,28281,588,2016,1.56,1800,4.77,1801.53,1801.13,5.33,
120,70144,116378,6029,38285,1.66,1800,1800,1801.52,1801.13,1801.18,
121,18096,28281,579,1998,1.56,1800,4.95,1801.52,1801.13,5.05,
122,26300,41500,500,3000,1.58,1800,1800,0.44,1801.13,0.49,
123,26300,41500,500,3000,1.58,1800,1800,0.45,1801.13,0.48,
124,26300,41500,500,3000,1.58,1800,1800,0.48,1801.13,0.50,
125,26300,41500,500,3000,1.58,1800,1800,0.41,1801.13,0.45,
126,18096,28281,582,2001,1.56,1800,5.23,1801.50,1801.13,5.79,
127,18096,28281,582,2001,1.56,1800,4.97,1801.50,1801.12,5.06,
128,26300,41500,500,3000,1.58,1800,1800,1801.50,1801.12,1801.16,
129,15783,24663,507,1752,1.56,1800,3.81,1801.50,1801.11,4.89,
130,26300,41500,500,3000,1.58,1800,1800,0.47,1801.10,0.49,
131,2980,5360,2179,6951,1.80,382.52,1800,1801.49,1801.10,399.52,
132,15783,24663,513,1755,1.56,1800,3.70,1801.49,1801.09,4.24,
133,15783,24663,507,1746,1.56,1800,3.49,1801.49,1801.09,4.02,
134,26300,41500,500,3000,1.58,1800,1800,0.40,1801.09,0.48,
135,26300,41500,500,3000,1.58,1800,1800,0.48,1801.07,0.49,
136,18096,28281,585,2007,1.56,1800,5.03,1801.46,1801.07,5.49,
137,26300,41500,500,3000,1.58,1800,1800,0.46,1801.07,0.50,
138,18096,28281,576,1992,1.56,1800,5.42,1801.46,1801.07,5.57,
139,18096,28281,579,1995,1.56,1800,4.84,1801.45,1801.06,6.11,
140,26300,41500,500,3000,1.58,1800,1800,0.44,1801.06,0.48,
141,18096,28281,576,1995,1.56,1800,5.27,1801.45,1801.06,5.84,
142,2980,5360,2180,6946,1.80,366.96,1800,1801.45,1801.06,399.39,
143,18096,28281,582,2001,1.56,1800,4.87,1801.44,1801.05,6.19,
144,26300,41500,500,3000,1.58,1800,1800,0.45,1801.05,0.46,
145,18096,28281,576,1989,1.56,1800,4.83,1801.43,1801.05,5.13,
146,26300,41500,500,3000,1.58,1800,1800,0.45,1801.05,0.44,
147,18096,28281,567,1974,1.56,1800,4.46,1801.43,1801.04,5.11,
148,26300,41500,500,3000,1.58,1800,1800,0.44,1801.04,0.46,
149,26300,41500,500,3000,1.58,1800,1800,0.45,1801.03,0.43,
150,26300,41500,500,3000,1.58,1800,1800,0.43,1801.03,0.42,
151,15783,24663,501,1728,1.56,1800,4.09,1801.40,1801.02,4.95,
152,13590,21240,438,1506,1.56,1800,2.27,0.32,1801.01,0.38,
153,29076,45570,2124,16266,1.57,1800,1800,1801.39,1801.00,1801.05,
154,15783,24663,504,1737,1.56,1800,3.51,1801.39,1801.48,4.23,
155,26300,41500,500,3000,1.58,1800,1800,0.43,1801.31,0.40,
156,450,17809,450,17809,39.58,2.56,1.13,1801.38,1800.96,2.65,
157,2980,5360,2169,6898,1.80,388.56,1800,1801.38,1801.63,434.79,
158,15783,24663,507,1746,1.56,1800,3.73,1801.38,1801.57,4.65,
159,18096,28281,582,2004,1.56,1800,5.73,1801.38,1800.10,5.83,
160,18096,28281,576,1989,1.56,1800,4.96,1801.37,1800.65,5.33,
161,138141,227241,41926,202869,1.64,1800,1800,1801.37,1801.62,1801.01,
162,50635,83075,13066,63758,1.64,1800,1800,1801.35,1801.68,1800.98,
163,18096,28281,582,2004,1.56,1800,5.06,1801.32,1801.21,5.54,
164,29296,46040,1210,8666,1.57,1800,1800,1801.30,1801.46,1800.95,
165,18096,28281,576,1995,1.56,1800,5.09,1801.25,1801.13,5.45,
166,3278,5896,2400,7643,1.80,584.89,1800,1801.21,1801.18,1800.90,
167,15783,24663,510,1746,1.56,1800,3.80,1801.19,1800.75,4.56,
168,2980,5360,2180,6943,1.80,369.18,1800,1801.19,1800.68,413.56,
169,4768,8576,3458,11014,1.80,1800,1800,1801.18,1800.72,1800.91,
170,15783,24663,507,1746,1.56,1800,3.04,1801.18,1801.63,4.10,
171,18096,28281,576,1989,1.56,1800,4.99,1801.11,1802.05,5.45,
172,4025,7435,3158,9863,1.85,1800,1800,1801.11,1801.11,1800.89,
173,56860,77264,17090,55568,1.36,1800,1800,1801.11,1801.10,1800.87,
174,2980,5360,2180,6955,1.80,355.88,1800,1801.10,1801.82,393.39,
175,3523,6446,2723,8570,1.83,1800,1800,1801.09,1801.76,1800.85,
176,15783,24663,501,1734,1.56,1800,3.36,1801.08,1800.99,4.19,
177,5066,9112,3704,11797,1.80,1800,1800,1801.08,1801.44,1800.87,
178,18096,28281,573,1995,1.56,1800,5.39,1801.06,1800.59,5.41,
179,15783,24663,504,1740,1.56,1800,3.21,1801.06,1800.19,4.39,
180,15783,24663,501,1731,1.56,1800,3.87,1801.05,1800.50,4.75,
181,18096,28281,573,1989,1.56,1800,4.46,0.19,1801.93,0.20,
182,26300,41500,500,3000,1.58,1800,1800,0.27,1801.43,0.26,
183,72420,118362,30340,133872,1.63,1800,1800,1801.02,1800.47,1800.84,
184,6290,11560,4904,15397,1.84,1800,1800,1801.02,1800.72,1800.83,
185,3523,6446,2723,8568,1.83,1800,1800,1801.02,1801.56,1800.83,
186,26300,41500,500,3000,1.58,1800,1800,0.26,1801.16,0.26,
187,4227,7734,3264,10286,1.83,1800,1800,1800.99,1801.47,1800.85,
188,6660,12240,5220,16375,1.84,1800,1800,1800.99,1801.57,1800.85,
189,7400,13600,5802,18212,1.84,1800,1800,1800.89,1801.63,1800.69,
190,3875,7090,2997,9424,1.83,1800,1800,1800.86,1800.98,1800.62,
191,4579,8378,3539,11137,1.83,1800,1800,1800.79,1801.54,1801.65,
192,2980,5360,2180,6941,1.80,378.92,1800,1800.76,1800.76,415.68,
193,7030,12920,5510,17294,1.84,1800,1800,1800.76,1801.03,1801.37,
194,1150,80851,1150,80851,70.31,314.14,309.04,1801.26,1800.75,534.28,
195,1150,81068,1150,81068,70.49,1800,1800,1800.87,1800.20,1801.29,
196,1534,126082,1534,126082,82.19,1800,1800,1801.54,1801.25,1801.31,
197,1534,127011,1534,127011,82.80,1800,1800,1800.97,1801.39,1801.19,
198,1150,80072,1150,80072,69.63,705.24,699.15,1800.67,1800.30,930.91,
199,1534,126163,1534,126163,82.24,1800,1800,1800.80,1800.64,1801.17,
200,1150,80258,1150,80258,69.79,23.39,19.79,1800.25,1800.68,20.49,
