inst#,n,m,n',m',m/n,MoMC,RMoMC,FullBnR,BnrwithoutLS,FullAlgorithm
001,6160,40207,0,0,6.53,1800,0.44,0.36,0.42,0.43,
003,60541,74220,0,0,1.23,1800,0.43,0.36,0.42,0.42,
005,200,819,192,800,4.09,1.20,0.49,2.39,2.39,1.53,
007,8794,10130,0,0,1.15,1800,0.43,0.35,0.41,0.41,
009,38452,174645,0,0,4.54,1800,0.42,0.34,0.41,0.41,
011,9877,25973,0,0,2.63,1800,0.42,0.34,0.40,0.40,
013,45307,55440,0,0,1.22,1800,0.42,0.34,0.40,0.40,
015,53610,65952,0,0,1.23,1800,0.41,0.34,0.40,0.39,
017,23541,51747,0,0,2.20,1800,0.41,0.33,0.39,0.39,
019,200,884,194,862,4.42,1.98,0.46,3.67,3.83,1.50,
021,24765,30242,0,0,1.22,1800,0.40,0.33,0.38,0.38,
023,27717,133665,0,0,4.82,1800,0.40,0.32,0.38,0.38,
025,23194,28221,0,0,1.22,1800,0.40,0.32,0.38,0.38,
027,65866,81245,0,0,1.23,1800,0.39,0.41,0.38,0.37,
029,13431,21999,0,0,1.64,1800,0.39,0.31,0.37,0.36,
031,200,813,198,818,4.07,2.29,1.50,64.54,81.86,2.29,
033,4410,6885,138,471,1.56,1800,0.49,0.99,0.97,1.03,
035,200,884,189,859,4.42,1.56,0.65,8.50,9.32,1.67,
037,198,824,194,810,4.16,1.51,0.70,11.53,12.36,1.67,
039,6795,10620,219,753,1.56,1800,0.65,93.49,100.86,1.57,
041,200,1040,200,1023,5.20,1.87,1.02,49.23,58.60,2.08,
043,200,841,198,844,4.21,3.17,2.02,183.95,188.08,5.00,
045,200,1044,200,1020,5.22,1.66,0.89,28.69,29.50,1.99,
047,200,1120,198,1080,5.60,1.99,1.35,62.76,68.96,2.33,
049,200,957,198,930,4.79,1.67,1.00,22.11,22.71,1.84,
051,200,1135,200,1098,5.67,1.71,0.94,61.10,64.06,1.92,
053,200,1062,200,1026,5.31,1.82,0.98,62.93,67.20,2.04,
055,200,958,194,938,4.79,1.29,0.64,7.57,8.26,1.63,
057,200,1200,197,1139,6.00,1.92,0.94,70.49,75.83,1.95,
059,200,988,193,954,4.94,1.66,0.81,14.42,16.07,1.95,
061,200,952,198,914,4.76,2.44,1.11,21.21,24.60,2.26,
063,200,1040,200,1011,5.20,2.59,1.28,70.04,77.07,2.25,
065,200,1037,200,1011,5.18,2.21,0.86,39.05,41.82,1.89,
067,200,1201,200,1174,6.00,2.72,1.45,129.04,133.87,2.54,
069,200,1120,196,1077,5.60,2.56,0.98,47.08,49.84,1.97,
071,200,984,200,952,4.92,2.21,0.82,38.40,42.80,1.90,
073,200,1107,200,1078,5.54,2.52,1.03,46.46,50.17,2.07,
075,26300,41500,500,3000,1.58,1800,1800,0.24,1800.55,0.26,
077,200,988,193,954,4.94,2.19,0.79,15.63,16.04,1.77,
079,26300,41500,500,3000,1.58,1800,1800,0.24,1800.54,0.25,
081,199,1124,197,1087,5.65,3.42,1.45,145.12,154.87,2.49,
083,200,1215,198,1182,6.08,3.83,2.37,187.40,195.56,5.55,
085,11470,17408,3539,25955,1.52,1800,1800,1801.19,1801.64,1801.32,
087,13590,21240,441,1512,1.56,1800,1.90,1801.19,1801.64,3.05,
089,57316,77978,16834,54847,1.36,1800,1800,1801.19,1801.62,1801.31,
091,200,1196,200,1163,5.98,4.24,3.41,230.42,238.33,38.88,
093,200,1207,200,1162,6.04,3.58,2.38,108.90,114.13,4.69,
095,15783,24663,510,1746,1.56,1800,2.34,1801.18,1801.61,3.47,
097,18096,28281,579,1995,1.56,1800,4.66,1801.18,1801.61,5.60,
099,26300,41500,500,3000,1.58,1800,1800,0.21,1801.60,0.21,
101,26300,41500,500,3000,1.58,1800,1800,0.22,1801.60,0.21,
103,15783,24663,513,1752,1.56,1800,2.59,1801.17,1801.60,3.69,
105,26300,41500,500,3000,1.58,1800,1800,0.24,1801.60,0.26,
107,13590,21240,435,1500,1.56,1800,1.98,1801.17,1801.59,2.79,
109,66992,90970,20336,66350,1.36,1800,1800,1801.16,1801.59,1801.28,
111,450,17831,450,17831,39.62,2.34,0.84,1801.16,1801.59,2.31,
113,26300,41500,500,3000,1.58,1800,1800,0.28,1801.58,0.20,
115,18096,28281,573,1986,1.56,1800,3.41,1801.16,1801.57,4.45,
117,18096,28281,582,2007,1.56,1800,3.70,1801.16,1801.57,4.92,
119,18096,28281,588,2016,1.56,1800,3.97,1801.15,1801.57,4.81,
121,18096,28281,579,1998,1.56,1800,3.56,1801.15,1801.56,4.58,
123,26300,41500,500,3000,1.58,1800,1800,0.21,1801.56,0.18,
125,26300,41500,500,3000,1.58,1800,1800,0.23,1801.55,0.27,
127,18096,28281,582,2001,1.56,1800,3.59,1801.14,1801.55,4.72,
129,15783,24663,507,1752,1.56,1800,3.05,1801.14,1801.55,4.33,
131,2980,5360,2179,6951,1.80,351.83,1800,1801.14,1801.54,393.40,
133,15783,24663,507,1746,1.56,1800,2.85,1801.14,1801.54,3.49,
135,26300,41500,500,3000,1.58,1800,1800,0.25,1801.54,0.20,
137,26300,41500,500,3000,1.58,1800,1800,0.25,1801.54,0.22,
139,18096,28281,579,1995,1.56,1800,3.96,1801.13,1801.54,5.07,
141,18096,28281,576,1995,1.56,1800,4.01,1801.13,1801.54,4.70,
143,18096,28281,582,2001,1.56,1800,3.99,1801.13,1801.53,5.00,
145,18096,28281,576,1989,1.56,1800,3.45,1801.13,1801.53,4.39,
147,18096,28281,567,1974,1.56,1800,3.15,1801.13,1801.53,3.94,
149,26300,41500,500,3000,1.58,1800,1800,0.21,1801.53,0.26,
151,15783,24663,501,1728,1.56,1800,2.97,1801.10,1801.52,3.91,
153,29076,45570,2124,16266,1.57,1800,1800,1801.10,1801.52,1801.19,
155,26300,41500,500,3000,1.58,1800,1800,0.26,1801.52,0.26,
157,2980,5360,2169,6898,1.80,369.82,1800,1801.09,1801.52,404.57,
159,18096,28281,582,2004,1.56,1800,4.17,1801.09,1801.51,4.93,
161,138141,227241,41926,202869,1.64,1800,1800,1801.08,1801.51,1801.20,
163,18096,28281,582,2004,1.56,1800,3.78,1801.08,1801.52,4.80,
165,18096,28281,576,1995,1.56,1800,3.85,1801.08,1801.51,4.78,
167,15783,24663,510,1746,1.56,1800,3.08,1801.08,1801.50,4.23,
169,4768,8576,3458,11014,1.80,1800,1800,1801.08,1801.49,1801.19,
171,18096,28281,576,1989,1.56,1800,3.51,1801.06,1801.49,4.55,
173,56860,77264,17090,55568,1.36,1800,1800,1801.06,1801.49,1801.17,
175,3523,6446,2723,8570,1.83,1800,1800,1801.06,1801.49,1801.17,
177,5066,9112,3704,11797,1.80,1800,1800,1801.05,1801.48,1801.21,
179,15783,24663,504,1740,1.56,1800,2.85,1801.05,1801.48,3.69,
181,18096,28281,573,1989,1.56,1800,3.65,0.18,1801.48,0.21,
183,72420,118362,30340,133872,1.63,1800,1800,1801.05,1801.48,1801.20,
185,3523,6446,2723,8568,1.83,1800,1800,1801.05,1801.48,1801.21,
187,4227,7734,3264,10286,1.83,1800,1800,1801.03,1801.48,1801.25,
189,7400,13600,5802,18212,1.84,1800,1800,1801.03,1801.47,1801.25,
191,4579,8378,3539,11137,1.83,1800,1800,1801.03,1801.47,1801.25,
193,7030,12920,5510,17294,1.84,1800,1800,1801.03,1801.47,1801.25,
195,1150,81068,1150,81068,70.49,1800,1800,1801.03,1801.45,1801.25,
197,1534,127011,1534,127011,82.80,1800,1800,1801.03,1801.44,1801.28,
199,1534,126163,1534,126163,82.24,1800,1800,1801.02,1801.44,1801.33,
